0 0 0 0 0 
0 0 0 0 0 
0 0 0 0 0 
0 0 0 0 0 
0 0 0 0 0 
0 0 0 0 0 
1359.91 912.551 911.95 909.393 1347.12 
850.936 843.995 1368.4 1542.91 1546.86 
0 0 0 0 0 
0 0 0 0 0 
250.116 796.688 807.48 811.343 366.29 
1085.14 1091.04 566.967 392.926 382.301 
0 0 0 0 0 
0 0 0 0 0 
1250.58 1563.44 1564.58 1566.15 1258.86 
1097.99 1102.45 733.466 611.064 607.827 
1920.74 2198.38 2191.51 2190.23 1877.79 
1107.21 1112.54 739.501 616.098 613.27 
585.77 945.122 952.195 954.791 641.789 
1092.42 1096.09 728.597 606.546 599.104 
1260.09 1500.41 1501.46 1502.52 1266.26 
1099.91 1103.49 819.484 724.925 722.524 
1763.85 1983.55 1980.46 1980.5 1739.82 
1107.62 1111.53 825.077 730.061 728.171 
760.151 1025.56 1030.78 1032.68 793.985 
1095.8 1098.39 815.77 722.013 717.248 
1266.12 1460.94 1462 1462.99 1270.78 
1101.22 1103.73 872.962 796.285 794.08 
1284.28 1458.98 1460.34 1460.59 1274.03 
1101.9 1104.39 876.215 800.444 792.9 
1254.74 1460.51 1461.67 1462.57 1272.56 
1101.57 1104.44 873.137 795.977 798.53 
1294.13 1457 1458.29 1458.65 1276.41 
1101.77 1104.28 876.701 800.935 791.203 
1250.17 1459.5 1460.83 1461.79 1274.63 
1101.48 1104.29 872.133 795.023 800.319 
1304.05 1454.84 1455.85 1456.41 1279.48 
1102.12 1104.29 877.279 801.918 789.974 
1246.5 1457.68 1459.03 1460.2 1277.53 
1101.48 1104.18 871.354 793.983 801.527 
