746 3
760 5
740 2
744 2
725 2
887 4
727 2
711 2
695 3
731 3
785 4
768 3
748 1
851 3
676 4
772 1
727 3
697 4
764 2
704 1
586 2
480 1
494 4
484 3
458 1
465 2
450 3
445 3
497 2
490 4
490 1
506 2
522 2
544 4
792 5
848 9
816 3
551 3
593 4
539 1
321 2
304 3
281 1
265 1
263 3
274 3
261 2
270 4
272 3
258 1
269 3
285 4
268 1
284 3
249 3
271 3
242 1
238 2
241 3
243 1
253 3
220 3
224 2
255 3
232 2
237 3
233 4
240 2
241 3
238 3
242 2
233 2
237 4
229 3
223 3
235 2
216 2
224 3
219 2
222 2
189 1
151 3
152 2
175 3
166 4
166 2
176 2
168 4
173 2
175 3
169 1
172 2
167 1
175 2
164 2
160 3
161 3
169 2
148 3
162 3
153 2
120 3
121 2
133 3
125 3
120 3
123 1
130 2
121 2
119 3
122 2
138 2
131 3
134 3
133 4
140 2
140 1
132 3
130 4
138 3
122 2
88 1
94 2
101 4
90 3
92 4
91 3
87 3
90 3
81 2
83 2
82 1
95 1
89 2
91 2
77 2
83 3
159 3
79 3
75 1
43 3
44 3
55 4
46 2
53 3
50 3
42 3
44 2
45 3
61 1
51 2
43 4
43 2
41 4
42 1
45 2
41 3
45 3
43 2
52 1
